1000 500
79 320
285 543
933 977
118 64
337 646
463 978
880 311
493 257
902 732
32 474
424 793
47 689
42 576
356 484
847 572
838 150
833 37
436 716
138 796
245 410
143 481
99 331
798 620
399 476
623 992
690 720
860 165
514 128
383 632
299 723
796 90
976 224
521 857
494 567
217 608
203 143
73 906
805 371
88 190
997 335
106 638
170 777
111 983
808 391
137 553
876 622
789 988
905 403
665 103
993 99
392 299
994 654
889 367
243 221
778 128
127 396
340 934
920 769
297 349
336 354
468 798
984 663
412 342
740 333
681 192
250 637
234 360
128 48
302 797
103 727
777 115
346 347
644 960
521 128
523 516
448 309
860 696
952 412
475 667
731 75
688 710
311 582
973 155
592 59
633 553
229 825
394 747
251 442
607 990
685 427
478 792
336 592
835 828
52 439
241 217
513 229
720 391
250 968
398 443
785 401
172 589
939 655
406 532
890 306
20 751
49 133
537 494
785 810
628 290
616 465
299 646
261 347
55 655
325 581
323 506
955 791
207 593
878 412
46 128
49 551
821 109
782 33
150 548
779 414
284 658
722 680
32 725
934 293
915 200
848 168
880 189
613 502
863 996
736 952
413 359
761 422
507 433
870 471
796 434
3 416
164 829
504 925
95 688
221 830
231 904
535 134
305 102
678 876
316 516
44 973
585 672
635 524
473 999
737 250
996 642
799 412
394 234
106 58
514 505
436 909
61 849
607 51
50 985
381 606
596 963
877 80
530 381
434 584
62 974
754 353
691 662
254 772
386 397
591 679
699 408
963 606
735 989
131 996
625 922
699 679
819 61
438 124
618 756
506 883
816 460
933 886
108 3
24 556
373 401
768 985
631 17
635 793
983 601
809 170
975 352
57 888
593 233
195 57
245 919
174 412
552 503
558 864
10 494
143 562
347 856
549 785
173 603
234 666
767 161
978 351
638 740
329 423
217 120
809 753
612 927
29 748
197 164
745 967
898 118
489 135
473 906
6 580
612 330
220 804
955 910
11 763
7 753
235 1000
954 149
976 695
272 51
771 341
909 797
439 585
522 659
324 706
622 428
705 352
440 90
457 252
626 911
336 577
367 552
174 395
782 772
546 927
26 981
349 600
130 44
770 632
656 905
131 122
497 673
731 639
948 298
834 115
918 264
372 306
886 915
857 279
303 157
377 93
879 235
195 220
106 76
313 132
300 40
360 800
790 53
366 817
159 833
517 587
125 589
372 734
916 166
587 653
208 135
983 358
522 243
143 851
394 718
332 27
763 831
837 777
759 990
129 430
860 8
887 183
836 150
380 456
938 401
15 488
578 434
394 955
257 788
945 582
575 733
711 972
30 922
111 291
438 571
659 780
650 651
704 880
356 728
929 399
242 501
80 826
854 84
935 264
985 851
498 434
328 977
71 577
762 737
709 798
153 679
950 795
643 687
687 836
96 820
344 44
944 751
622 302
119 368
857 614
872 581
489 998
184 990
443 182
591 690
387 184
799 233
36 919
490 957
272 319
651 709
543 355
29 234
169 722
99 984
861 438
325 454
813 151
382 738
164 270
455 916
759 708
398 794
420 925
999 679
116 300
521 803
758 290
66 614
701 87
800 489
565 466
719 77
433 881
673 772
444 35
567 736
596 425
604 885
713 135
420 491
922 450
244 174
534 394
884 723
720 949
771 438
995 850
889 224
348 711
993 150
399 889
563 742
821 392
597 976
98 437
245 433
221 989
3 317
479 12
953 314
337 112
640 206
112 884
186 469
194 614
704 544
260 152
918 124
390 953
521 110
380 15
681 518
447 133
754 967
54 850
792 974
764 879
525 500
783 813
422 196
944 699
629 907
932 838
460 911
635 583
441 566
477 560
942 305
825 66
45 687
787 347
767 632
521 689
783 641
614 222
859 920
860 334
605 353
105 653
177 748
599 247
446 965
229 115
225 367
96 406
846 317
432 555
664 54
946 57
170 649
126 770
523 258
895 806
379 104
512 882
811 668
357 3
525 509
338 582
280 394
439 445
930 828
642 878
232 943
739 797
612 170
454 615
709 745
709 637
49 358
293 275
164 609
723 443
442 957
329 89
375 873
48 899
680 834
978 437
403 230
416 203
133 255
609 918
842 921
375 307
723 937
820 529
932 343
406 135
732 698
566 811
751 291
848 982
627 208
328 765
806 52
381 652
284 271
683 734
803 441
441 863
62 788
453 650
999 729
156 857
229 854
933 712
144 962
359 659
546 752
281 773
640 453
367 355
