1000 3000
229 906
840 188
714 913
541 659
452 481
7 784
327 233
455 920
544 970
52 877
84 784
252 854
826 373
710 126
213 662
577 96
719 526
475 346
754 621
111 243
502 823
81 493
11 790
1000 298
659 484
667 548
526 817
354 383
715 283
784 135
106 993
803 85
592 64
677 770
661 707
189 179
830 73
671 50
451 526
176 631
306 760
744 770
457 356
74 989
26 948
232 610
738 981
13 865
385 378
197 60
271 773
724 622
827 37
91 171
892 597
914 27
593 625
472 338
161 444
274 133
706 904
738 318
421 926
63 993
987 937
787 244
34 322
940 157
246 218
963 644
479 133
205 974
937 743
744 209
613 120
281 872
536 387
285 211
538 689
607 66
985 384
202 697
257 872
781 756
599 899
72 71
151 214
887 143
554 110
265 214
365 878
397 334
673 298
48 209
259 887
966 438
946 870
99 361
686 307
99 165
246 365
38 356
734 360
645 593
472 198
603 610
318 402
114 389
512 271
434 923
702 478
911 687
241 302
885 801
499 268
169 777
523 568
104 427
627 936
813 415
281 826
972 970
4 137
251 930
563 432
408 776
39 620
482 268
441 644
658 455
714 208
324 641
536 663
402 276
577 686
955 53
411 69
738 842
512 454
1000 791
642 207
813 441
445 437
797 445
701 472
629 888
5 100
854 185
376 207
147 568
665 326
240 155
877 947
194 360
777 933
686 904
855 249
719 869
640 88
128 670
474 762
260 111
301 146
467 367
208 731
535 248
762 986
304 992
407 64
134 478
847 124
337 217
950 417
507 692
370 682
331 639
608 321
842 718
148 28
423 513
90 680
898 5
744 28
405 895
300 817
776 219
470 496
414 707
404 356
525 307
726 477
340 86
924 202
230 686
318 656
706 791
344 209
95 466
171 823
963 641
539 283
348 898
79 939
565 450
182 668
252 775
53 208
236 657
849 663
367 189
166 667
626 587
52 299
505 589
556 680
70 551
796 864
966 255
78 177
354 303
176 546
626 318
746 448
534 378
438 964
783 353
805 979
92 719
310 844
226 894
480 981
568 465
255 756
675 369
263 892
214 184
163 790
873 645
975 150
254 158
234 256
994 843
472 511
342 457
569 944
579 473
993 397
306 265
320 505
835 856
535 701
681 262
521 644
6 879
915 90
470 968
137 93
672 833
241 783
470 238
958 287
144 874
959 818
362 185
179 469
519 681
851 54
842 588
78 301
25 126
18 485
254 936
584 376
323 15
158 54
264 456
319 154
947 880
929 862
941 437
116 66
349 975
439 817
823 890
420 730
861 617
709 657
821 343
761 716
474 321
770 551
350 281
895 164
123 955
453 793
520 595
85 419
424 777
340 918
92 671
547 112
410 223
535 474
853 190
981 878
437 688
449 324
995 457
97 683
834 332
466 482
966 408
245 694
729 844
833 206
618 12
617 664
365 94
441 266
931 258
527 342
677 922
134 759
196 209
375 734
515 943
512 658
901 726
842 873
84 751
849 779
805 573
981 177
696 931
329 760
783 685
357 775
102 376
307 173
49 101
260 416
885 19
987 57
942 772
494 895
344 550
186 386
90 666
333 215
91 160
140 231
523 287
849 149
36 135
903 720
452 516
564 616
250 153
297 331
818 568
76 419
98 138
261 201
443 321
81 414
34 81
857 571
22 238
915 51
716 950
990 897
932 550
310 34
166 419
228 2
868 851
299 900
433 130
106 743
64 903
135 229
494 474
914 804
192 615
301 893
525 399
408 635
210 736
209 391
958 227
438 121
70 24
564 469
608 701
15 670
613 249
420 470
757 487
485 785
614 631
203 423
636 845
651 422
801 903
523 234
881 160
384 760
891 947
906 536
275 579
507 765
67 350
924 949
272 579
484 636
196 113
831 179
536 285
162 190
402 270
60 552
46 491
491 855
88 518
132 933
36 768
81 904
923 539
529 414
98 812
418 556
638 824
482 380
209 53
903 151
562 898
142 687
329 491
911 17
727 532
822 133
670 695
339 966
631 93
498 123
49 659
117 162
929 972
242 868
249 270
145 736
32 206
262 477
900 401
39 425
920 271
291 853
633 943
683 898
510 385
304 447
67 586
597 364
139 827
276 773
773 923
660 883
61 427
379 231
573 265
546 126
816 328
68 321
518 744
10 101
354 300
823 722
27 109
344 877
625 862
373 403
899 493
929 951
829 605
567 432
913 639
795 436
17 696
485 363
953 338
925 536
451 858
991 564
524 229
383 206
37 697
22 313
730 742
252 150
422 215
379 727
725 276
156 882
353 409
268 308
392 228
637 360
553 44
926 742
342 659
370 18
930 200
811 469
14 259
416 408
760 716
396 784
818 103
197 17
475 946
623 194
769 611
780 522
884 824
557 761
322 427
630 707
685 539
739 896
684 368
233 256
995 928
689 129
927 496
596 306
648 410
657 190
792 486
777 900
426 164
47 627
325 382
376 210
588 849
711 52
776 390
241 71
318 561
491 90
244 356
635 110
332 497
211 547
212 433
476 563
751 780
575 42
657 56
750 13
874 725
377 544
212 994
668 305
178 436
127 74
958 209
291 104
517 48
602 132
438 752
29 461
668 84
947 373
490 606
857 646
614 246
224 981
319 498
791 690
601 756
882 49
879 556
822 658
74 591
993 482
639 124
38 836
325 466
471 316
570 364
234 615
626 367
919 650
116 545
968 587
913 378
78 12
963 696
500 518
685 21
855 974
33 818
489 749
873 323
756 805
326 54
900 838
592 423
729 614
367 922
390 194
740 646
910 309
891 534
803 238
13 560
388 206
112 228
244 917
815 758
750 440
905 740
667 218
523 6
560 497
727 212
170 166
527 242
457 35
342 830
884 795
865 30
982 949
125 803
410 549
740 539
995 168
21 163
658 106
270 841
391 383
85 668
654 54
571 594
763 392
210 77
851 532
519 206
247 861
439 889
447 218
172 709
272 923
182 638
140 83
177 365
96 829
880 753
17 112
716 55
435 217
778 395
815 553
661 934
316 829
501 40
586 263
291 647
737 26
760 70
132 830
684 527
251 469
471 723
306 354
219 996
94 99
963 529
965 600
365 694
511 138
125 534
907 35
882 254
1000 7
158 629
51 601
525 283
321 146
64 324
608 885
511 210
394 766
310 977
17 631
693 985
911 603
920 556
907 126
543 193
325 541
828 75
791 175
442 263
589 48
96 562
810 530
979 878
460 135
173 617
156 361
518 340
661 310
77 115
196 680
168 89
543 142
101 311
784 200
193 597
275 575
816 634
859 908
799 442
780 585
498 719
722 183
129 757
543 102
972 204
710 628
29 52
824 812
834 805
594 276
350 594
341 904
439 487
550 5
675 882
647 995
150 453
95 23
94 700
67 628
703 795
809 372
431 50
169 717
18 938
150 919
808 865
835 930
664 969
381 405
445 717
955 504
855 672
302 740
155 492
201 472
381 868
67 405
427 283
716 548
446 401
433 240
765 774
919 64
236 980
218 413
447 517
202 739
318 464
505 476
920 466
814 657
963 930
151 966
11 166
782 68
264 767
742 198
604 961
923 710
896 381
757 65
602 777
599 697
174 39
642 450
350 993
910 903
51 844
144 202
833 158
597 503
21 397
333 544
215 735
413 752
868 259
826 207
610 606
108 294
593 664
126 225
320 148
540 731
405 637
22 321
551 338
17 555
352 707
85 738
809 494
284 833
764 627
657 852
182 138
914 794
472 375
120 266
914 132
707 646
471 727
987 715
715 321
858 793
196 715
465 907
999 832
268 772
443 712
466 385
888 33
609 366
753 712
76 628
684 26
819 180
896 415
696 373
403 34
386 640
962 829
402 337
232 763
556 672
458 873
434 444
622 309
533 99
340 791
80 799
911 444
814 330
97 586
946 971
297 901
566 647
165 339
201 303
271 952
577 456
912 53
915 704
773 631
685 880
701 749
227 72
787 967
621 446
629 267
129 623
46 849
805 671
697 576
850 995
369 67
725 917
509 162
577 988
944 559
465 754
760 748
258 310
92 316
636 948
580 156
253 449
848 861
121 17
85 712
213 56
267 88
837 329
754 284
599 498
771 918
815 442
156 339
938 777
430 51
923 190
867 585
79 858
282 430
641 155
58 630
77 300
95 846
253 234
140 887
786 602
346 746
916 288
546 266
654 949
936 863
920 912
80 58
874 521
453 218
687 790
926 8
709 80
395 785
862 805
893 683
794 278
196 249
561 807
475 696
209 868
86 750
399 864
213 572
260 749
191 195
718 121
570 287
404 446
945 929
804 428
950 517
303 964
243 730
795 991
378 395
456 621
573 229
552 8
223 855
785 618
447 296
392 102
36 673
599 955
863 690
849 272
868 55
304 12
25 844
355 865
74 447
989 389
979 910
636 267
500 986
734 563
379 313
537 65
875 462
948 383
173 9
489 695
385 726
261 402
777 341
620 442
12 280
659 947
505 821
171 692
27 806
684 7
715 944
651 245
87 449
417 451
284 244
546 456
781 449
432 628
466 954
766 481
370 4
416 901
763 365
177 114
322 677
855 504
863 894
801 517
594 279
566 204
574 304
164 610
639 635
411 748
325 356
640 129
819 13
8 272
584 156
57 806
737 554
367 717
748 970
233 999
93 419
692 943
571 961
789 57
550 156
469 121
124 52
643 201
561 450
717 338
476 108
526 253
154 955
187 634
390 208
6 554
337 154
949 259
869 335
881 732
369 351
198 426
915 953
317 484
507 155
629 897
306 879
196 569
227 534
336 33
741 21
69 622
96 814
521 507
201 109
541 563
93 836
566 540
316 486
674 358
361 164
727 451
993 173
311 587
453 650
601 438
175 191
114 233
248 784
438 814
688 76
482 373
319 55
293 691
723 606
714 60
219 972
273 746
772 244
599 197
288 170
831 824
425 879
329 828
296 404
51 310
45 234
627 393
645 697
792 611
362 259
741 646
702 802
719 935
675 526
991 183
50 581
686 873
444 563
135 15
570 390
353 445
493 222
610 3
360 70
865 267
816 81
696 457
242 375
763 699
423 606
72 605
132 215
904 828
583 494
173 761
109 157
890 804
899 461
704 925
563 770
603 757
683 278
217 283
149 18
671 902
741 788
325 210
658 161
701 599
643 268
827 977
850 145
194 938
119 849
507 888
350 835
117 449
341 71
961 21
455 115
553 346
990 400
820 570
269 257
492 59
408 495
305 70
333 974
164 823
292 976
722 731
804 802
527 801
31 850
585 76
965 975
202 102
361 331
578 300
751 940
406 407
71 716
436 269
498 680
844 934
825 194
548 146
673 17
620 499
331 634
766 334
656 49
986 483
505 990
711 96
116 254
486 539
288 613
303 175
687 799
295 294
103 912
768 531
462 156
12 597
646 906
775 646
176 757
718 991
336 519
359 374
805 921
731 122
448 652
515 251
601 324
707 183
270 686
503 765
459 406
410 350
833 569
370 513
876 702
290 519
715 330
95 541
404 989
454 483
2 676
479 31
194 299
844 879
252 593
853 796
861 224
538 523
859 798
625 824
410 391
570 149
515 527
482 265
314 769
153 276
464 168
176 555
450 199
482 21
550 915
532 579
752 151
125 31
306 273
468 501
871 39
643 410
598 931
338 309
880 329
354 447
541 892
371 156
822 495
106 298
431 323
284 8
143 267
571 283
297 710
318 546
947 245
210 681
312 152
888 245
397 804
192 221
929 797
11 26
940 397
404 813
16 985
387 807
509 557
463 47
306 47
423 7
104 135
477 780
809 245
18 14
260 812
976 543
2 686
239 712
317 83
573 734
920 658
811 547
528 959
859 707
544 128
989 519
660 53
882 58
852 922
659 847
133 284
4 547
89 900
792 472
489 234
808 201
2 626
93 784
234 377
312 567
208 927
933 350
855 185
284 139
933 932
990 198
174 61
718 26
800 287
941 523
497 443
417 741
234 898
284 972
275 76
327 732
807 506
199 861
325 215
239 983
824 499
146 957
434 675
348 158
796 834
173 145
862 353
153 610
752 89
768 554
224 634
256 484
58 199
259 105
85 453
988 696
513 719
810 381
445 888
872 343
268 738
45 150
139 349
357 526
345 314
416 449
236 188
727 915
817 627
771 578
508 877
149 104
109 392
554 337
74 515
67 595
605 353
371 134
704 578
739 656
829 186
965 256
163 102
365 732
819 314
397 65
790 721
107 242
159 615
898 83
608 408
226 599
166 35
231 777
813 463
651 949
765 662
318 394
540 308
244 549
191 831
691 997
564 42
392 6
302 139
221 149
1 511
360 345
30 737
328 72
582 475
226 857
285 444
998 856
335 663
380 935
483 936
232 994
323 359
649 535
991 951
882 836
224 340
352 663
783 132
895 750
544 926
212 945
606 114
94 461
523 243
333 969
128 963
185 549
462 608
196 605
974 920
733 504
38 821
494 48
132 154
290 559
97 388
317 501
490 319
824 245
21 537
290 104
152 892
135 92
592 549
431 303
112 942
786 266
625 3
844 568
811 173
215 45
52 226
268 317
91 417
645 526
620 259
881 583
104 386
156 358
605 170
772 501
5 155
37 55
729 146
538 420
141 52
600 917
794 240
167 415
88 303
132 510
441 761
999 901
193 325
580 628
323 904
202 869
531 278
971 652
606 995
4 821
524 62
766 123
282 781
600 426
848 237
544 875
738 836
373 117
676 999
909 603
17 586
285 698
790 91
880 664
954 936
140 455
487 786
788 865
678 447
524 153
460 767
994 555
891 237
873 814
267 333
499 516
662 444
21 434
89 363
195 830
114 414
295 16
196 85
473 17
725 897
189 134
602 314
786 91
601 545
153 725
985 477
534 199
451 782
573 850
854 334
861 831
199 545
705 115
14 104
87 453
943 964
7 393
77 760
321 289
497 473
826 307
130 196
775 344
27 274
449 877
475 510
935 139
284 733
442 158
78 442
493 76
573 554
888 484
99 494
457 4
352 343
799 412
417 78
914 49
456 314
57 483
102 804
74 156
531 373
441 98
877 616
370 600
82 894
487 142
940 258
872 171
119 305
182 120
684 358
639 966
867 894
427 56
440 768
63 674
731 9
761 981
35 448
720 384
19 392
353 772
166 154
191 594
367 346
399 81
285 28
462 200
152 336
309 668
656 867
255 698
409 808
513 775
755 299
835 249
175 969
555 866
835 175
291 194
117 882
435 236
105 832
618 376
930 603
881 691
666 333
689 852
289 806
499 816
874 662
282 854
733 635
226 934
160 191
577 151
282 504
638 420
329 978
428 763
712 859
105 252
56 521
820 891
371 75
786 3
899 814
470 681
257 410
309 653
718 359
955 207
429 580
585 665
602 957
433 383
892 552
515 121
536 149
507 358
767 670
261 931
521 713
681 481
431 350
712 414
393 834
795 315
22 179
619 44
532 720
551 630
821 71
712 775
694 677
368 268
76 877
281 651
650 544
424 699
746 458
149 828
610 952
429 439
305 968
239 438
160 195
91 735
165 427
489 166
820 955
783 108
968 435
674 809
290 550
583 608
889 859
421 483
762 427
324 78
591 491
628 601
662 433
809 106
942 759
94 132
291 220
672 611
140 818
395 660
991 709
943 993
724 49
45 58
774 6
572 586
877 665
701 671
51 891
332 917
110 471
204 660
83 499
562 851
633 347
198 148
727 452
394 466
803 811
940 60
249 860
936 303
618 137
679 648
497 781
217 513
322 249
487 278
764 557
727 91
14 721
563 212
32 368
22 467
307 272
809 958
923 365
6 842
952 920
941 481
207 82
288 615
555 717
286 599
802 675
765 470
636 358
65 24
681 424
998 48
975 555
193 426
449 763
348 329
696 477
252 148
819 987
933 756
373 806
262 75
620 696
428 497
709 152
948 566
270 811
798 735
990 11
567 441
881 814
713 188
567 432
946 726
853 498
888 478
840 402
248 468
66 615
992 120
104 530
487 657
329 426
539 583
112 808
383 707
146 966
195 105
99 869
822 187
933 870
720 325
367 813
829 385
377 882
73 405
346 871
428 869
513 156
357 118
890 979
906 186
796 937
633 836
364 547
730 702
714 245
64 515
361 942
58 769
156 606
56 741
799 942
545 225
775 436
968 207
111 129
384 910
388 760
769 790
544 255
562 962
147 740
449 142
642 506
184 218
349 571
796 340
915 385
131 386
844 609
824 445
314 896
121 600
281 99
635 775
227 918
650 87
682 560
356 539
349 197
573 873
215 225
782 188
268 713
87 948
95 760
505 242
897 785
503 680
154 298
121 197
555 945
189 733
172 529
379 116
486 75
969 44
408 693
807 771
541 818
847 338
817 779
523 241
880 431
927 452
277 509
697 950
833 246
353 66
951 248
948 767
252 825
274 991
310 253
982 17
376 709
364 38
140 680
697 883
140 662
375 218
103 968
72 43
372 75
639 719
813 952
715 823
912 325
752 895
163 165
342 691
988 447
519 925
132 971
126 271
911 147
602 809
720 411
831 710
35 457
881 908
156 362
896 150
811 638
655 905
72 49
88 478
474 998
107 41
719 986
59 678
61 51
323 953
412 818
578 193
4 215
806 116
463 325
642 621
206 848
780 733
884 316
481 44
730 217
943 392
460 992
411 357
283 706
151 339
354 509
816 363
517 271
780 195
388 570
841 74
464 273
119 654
115 989
593 182
555 106
673 998
177 333
571 745
300 422
278 985
790 171
621 583
512 470
368 738
103 780
30 707
830 769
478 845
739 366
414 876
890 70
774 552
990 462
910 642
717 263
285 362
423 346
45 680
912 53
146 909
840 329
813 559
929 430
521 863
508 32
766 322
70 80
499 265
624 970
57 449
281 392
438 306
795 598
432 560
441 303
652 869
903 10
766 101
348 950
356 890
165 652
506 284
455 321
80 460
153 538
272 924
666 663
821 800
18 139
741 420
601 64
322 137
346 2
788 707
372 121
376 791
328 272
456 565
78 346
930 594
218 216
909 287
442 685
215 751
184 609
604 445
929 724
291 841
801 446
209 366
153 712
413 53
553 496
226 592
345 733
358 247
45 142
559 333
766 703
415 838
917 35
947 869
547 267
802 668
381 177
591 854
465 655
390 353
90 626
886 890
272 942
45 933
78 572
127 790
627 248
856 475
108 8
777 992
595 763
743 492
176 422
478 118
993 354
925 182
561 990
711 24
17 262
375 529
164 561
871 215
484 61
838 140
778 545
829 769
256 747
296 579
538 695
231 17
790 478
908 847
887 809
406 364
145 729
953 371
881 598
45 876
848 308
656 587
676 376
349 726
842 844
184 590
475 601
218 770
442 115
860 141
699 784
399 449
625 260
182 832
647 361
234 201
290 583
562 758
121 753
296 146
316 788
802 193
70 217
52 480
178 801
513 410
241 57
628 900
750 440
351 565
700 496
214 538
166 998
647 107
550 698
812 235
35 65
751 301
700 550
939 522
995 227
584 359
707 202
290 39
376 603
18 693
941 685
768 495
744 821
304 303
965 710
686 990
413 178
393 953
933 521
744 527
432 379
496 128
275 913
953 309
999 495
539 400
112 823
677 96
772 436
703 141
487 525
795 559
983 420
348 701
778 619
549 8
85 704
485 670
224 737
622 170
18 598
495 300
694 202
921 816
6 227
87 246
825 965
750 698
920 329
534 223
209 515
507 352
86 782
90 865
358 263
187 581
789 163
791 465
147 184
556 732
631 886
658 754
252 447
568 466
745 814
999 16
142 808
338 848
122 174
996 181
260 916
245 141
49 704
815 545
84 300
804 110
371 296
269 798
837 733
642 301
681 483
888 624
552 346
914 366
616 892
782 528
989 566
242 277
702 144
447 925
990 837
647 699
917 686
82 713
3 827
890 415
650 873
244 470
472 872
208 549
271 519
286 243
520 320
375 550
325 283
564 769
210 614
442 947
785 6
312 330
939 936
905 147
901 700
144 155
346 934
283 176
356 652
914 663
584 223
326 625
386 434
823 42
286 50
58 404
336 855
14 351
3 550
875 827
459 63
40 26
477 142
165 520
734 682
943 807
814 642
625 629
458 872
409 222
632 843
592 55
471 211
103 225
334 666
735 885
948 453
783 770
438 267
598 869
702 635
488 667
619 602
560 566
393 233
138 444
566 620
246 361
200 920
281 238
392 939
339 859
375 332
896 741
835 236
335 824
565 417
518 989
565 660
47 507
73 812
226 123
234 19
439 166
363 945
387 966
272 862
453 144
476 278
18 923
399 505
812 256
312 465
29 715
425 652
972 509
890 411
516 896
59 47
320 629
776 642
739 893
833 892
27 86
155 68
501 880
544 38
498 416
136 318
370 78
762 7
87 618
78 428
959 527
763 495
953 789
9 373
794 539
959 714
183 999
466 301
822 226
440 58
664 711
628 561
863 913
178 873
631 484
586 818
756 69
778 349
500 508
828 835
797 588
165 262
136 844
493 746
826 859
334 434
94 615
468 628
130 901
320 246
605 263
480 624
574 367
199 31
699 737
550 430
278 192
345 709
287 506
548 719
912 590
827 901
556 83
988 873
889 248
801 711
487 804
418 760
600 357
320 507
119 978
461 654
578 577
112 822
87 71
278 990
760 939
868 109
873 369
895 442
798 939
593 576
98 164
493 497
81 70
225 349
172 654
621 83
554 11
298 572
481 267
178 508
727 718
580 160
942 766
146 375
573 765
539 736
116 481
548 799
727 204
113 454
875 348
569 499
569 418
467 776
115 711
248 413
483 256
672 531
599 674
472 403
778 844
937 6
974 74
772 431
963 134
178 669
89 902
205 625
704 444
445 578
626 378
713 240
975 485
839 274
799 336
131 638
189 560
800 138
115 690
3 20
513 692
136 601
429 649
480 562
56 68
591 564
435 186
456 327
219 534
32 161
895 684
914 24
564 729
781 865
38 311
6 749
817 409
231 263
594 917
895 200
743 589
383 309
928 925
44 125
431 268
497 638
379 749
628 809
598 217
600 796
683 913
547 328
588 769
632 177
690 552
489 512
766 164
335 697
752 727
97 284
211 477
254 631
250 633
732 616
58 321
584 403
70 535
11 930
31 963
839 101
946 864
869 814
735 441
491 381
69 335
896 587
590 293
572 627
469 84
743 218
750 939
162 936
286 861
51 303
975 847
571 526
553 195
22 172
970 529
869 938
631 79
419 49
952 153
52 417
293 511
300 211
649 366
52 803
767 426
31 583
475 270
777 129
968 191
320 253
608 9
359 612
395 76
857 939
863 60
357 413
938 587
517 880
310 264
734 996
890 929
241 926
416 476
232 121
245 959
469 540
283 663
425 630
666 605
357 51
321 694
98 48
839 585
434 550
166 645
730 413
373 448
786 400
218 381
359 664
624 141
334 503
707 649
681 640
473 829
998 238
618 597
910 973
66 193
542 547
640 394
538 227
501 455
233 88
178 955
982 953
472 771
703 149
361 228
337 688
581 692
455 684
970 305
492 72
726 794
793 440
97 718
92 316
504 588
918 752
331 63
426 211
411 576
319 436
182 104
131 580
554 628
908 535
168 847
255 640
966 513
644 356
892 478
448 818
865 998
657 499
192 869
73 981
832 512
797 28
309 589
787 276
400 457
529 378
565 437
463 699
374 765
239 702
259 5
683 767
216 583
178 227
893 707
998 968
368 624
11 451
297 335
942 839
219 739
310 945
414 539
178 777
120 981
752 908
892 230
370 220
158 630
859 327
21 694
529 785
766 635
863 489
669 704
973 251
341 72
729 290
478 132
197 760
346 719
572 242
590 929
872 219
821 825
210 387
839 766
740 444
348 5
180 633
847 339
77 239
773 263
170 520
596 211
425 414
799 413
934 929
549 977
702 556
343 93
161 322
310 493
684 608
802 799
381 611
402 902
778 885
170 96
852 388
972 721
532 606
61 490
161 460
49 185
487 662
813 269
384 544
158 9
862 615
130 392
743 587
119 779
911 79
179 257
927 769
135 574
745 71
186 493
37 6
259 119
648 521
163 729
356 372
725 240
421 438
656 170
501 663
742 432
278 682
829 18
172 457
635 310
49 953
257 366
26 982
262 682
57 109
750 78
346 620
945 381
894 89
925 767
117 211
932 396
74 357
924 424
356 635
80 643
837 4
117 502
812 720
235 368
197 922
652 49
909 741
714 738
258 152
706 833
847 750
316 166
251 223
546 168
744 141
808 886
125 663
52 565
308 607
365 515
16 88
944 977
871 426
426 348
937 789
562 543
67 185
511 382
533 907
689 704
51 944
342 440
866 807
141 170
124 553
670 191
370 36
904 38
328 105
899 940
415 457
790 358
579 665
119 141
948 941
426 436
540 350
863 862
310 478
841 602
517 253
604 706
910 230
163 377
223 931
717 672
805 341
638 134
660 972
498 169
418 944
383 866
940 424
41 319
547 996
79 643
352 418
848 263
665 554
183 306
61 789
542 376
133 397
962 459
123 162
488 321
606 400
604 457
250 180
974 587
763 284
662 671
587 253
922 620
218 946
814 617
544 510
103 200
527 264
557 417
933 639
244 805
5 426
324 315
881 664
775 937
484 113
611 645
919 605
352 770
778 874
883 52
693 464
887 789
732 567
929 839
309 934
625 762
998 793
961 379
551 624
696 133
912 962
71 64
259 562
115 785
761 663
34 630
188 364
283 273
127 232
159 459
93 747
193 962
185 793
488 368
904 146
451 424
592 966
727 113
232 31
581 729
92 55
960 842
12 582
532 862
464 951
397 425
78 823
129 568
237 37
56 342
717 799
23 171
699 851
470 46
30 963
38 210
162 605
558 11
827 634
250 643
48 267
294 979
394 619
225 238
587 4
176 536
5 147
218 171
127 229
917 925
940 365
16 313
930 347
231 110
379 77
350 481
236 328
225 130
288 487
201 581
943 18
905 437
934 928
741 568
549 43
676 547
506 856
829 214
479 624
515 503
895 560
151 145
305 755
356 758
868 879
539 204
164 601
678 306
56 904
672 942
769 90
300 320
840 594
576 15
821 339
290 45
178 571
65 204
494 389
670 704
236 764
852 308
46 367
178 808
234 372
228 439
6 293
258 657
332 775
692 972
842 628
275 719
713 23
933 847
146 679
519 287
535 286
875 179
889 439
223 906
473 485
313 226
864 354
759 46
759 142
878 166
656 445
750 51
504 932
190 610
850 179
435 178
858 603
907 202
40 132
953 640
642 376
487 377
622 177
311 101
536 468
824 116
975 184
574 735
62 22
164 879
864 418
296 877
208 780
503 167
178 969
850 952
831 940
726 159
76 406
864 935
87 86
598 421
896 728
516 331
317 418
302 82
156 642
653 645
876 387
465 471
436 462
65 179
709 3
416 691
676 534
364 729
736 586
953 814
4 845
835 642
968 687
269 304
163 484
191 658
527 856
644 334
656 173
992 284
151 747
486 676
697 820
321 121
643 514
966 282
25 275
283 562
512 17
874 29
525 232
110 477
889 781
77 543
84 517
486 912
794 879
500 268
938 482
636 776
735 780
794 529
150 427
29 641
278 924
951 402
973 916
724 38
918 308
949 667
803 793
592 552
786 396
866 656
968 691
383 466
712 503
768 868
827 257
