100 300
35 84
87 11
21 92
23 49
32 39
86 100
70 33
11 13
97 27
79 86
64 18
22 81
90 4
78 40
8 17
64 70
70 62
47 51
30 53
71 94
48 32
11 43
16 94
46 52
35 80
97 2
16 45
32 13
36 70
48 46
66 45
10 62
56 67
96 29
1 10
29 42
73 77
100 7
6 42
64 26
92 14
41 37
16 2
16 91
100 96
25 49
88 9
50 70
58 77
10 22
96 86
26 15
75 23
14 6
53 100
94 46
21 45
73 82
36 21
52 80
72 58
50 49
98 38
61 88
28 7
100 44
89 12
82 32
64 33
6 43
51 77
43 4
67 70
91 97
32 73
3 93
5 12
58 27
41 93
45 96
6 28
39 93
96 45
53 96
30 12
1 89
58 41
2 65
30 85
87 67
80 23
50 35
74 87
40 20
6 24
99 58
43 4
38 79
15 37
51 30
23 72
11 25
80 30
56 90
35 1
43 73
50 75
68 42
19 26
62 2
23 31
25 14
63 32
84 24
29 98
63 42
97 39
96 36
5 76
22 96
72 94
87 15
85 41
52 43
20 75
29 64
9 40
31 96
19 14
73 32
18 59
59 61
94 75
71 5
40 29
33 62
19 25
56 76
15 48
86 42
19 11
19 47
88 39
23 3
45 75
57 10
30 69
72 2
25 37
25 69
15 62
56 20
58 23
2 26
60 87
90 45
57 19
7 87
34 52
65 22
10 32
62 42
66 49
74 49
86 89
19 85
56 2
33 48
37 22
92 68
95 91
30 15
22 39
58 60
35 2
75 8
31 88
21 34
84 89
58 20
29 90
85 44
61 70
52 18
78 8
1 41
27 64
97 14
5 63
24 58
28 31
8 28
51 95
73 53
60 46
4 18
56 3
37 77
63 78
58 87
58 78
100 6
92 61
26 39
73 80
5 29
30 65
79 86
96 90
86 47
90 33
80 34
92 61
20 55
86 82
93 7
97 66
37 34
37 56
21 50
88 63
60 65
17 62
20 32
58 79
33 47
40 62
48 8
39 34
31 9
53 98
96 51
98 12
20 59
50 90
64 4
23 74
76 15
54 28
84 44
51 87
17 4
79 43
53 72
78 37
44 16
88 44
96 39
97 20
59 6
29 99
58 82
18 94
41 71
67 26
63 9
39 61
47 4
5 70
71 42
63 64
95 37
50 24
31 83
45 64
79 72
79 44
86 50
12 77
64 76
35 43
56 7
40 28
43 22
21 5
29 63
96 18
8 7
100 6
48 93
95 85
17 76
67 65
29 43
99 88
28 30
13 85
76 19
70 66
34 82
18 21
24 56
84 55
57 26
84 23
82 48
15 85
77 44
35 47
42 82
