54 3 1851
421875 329881 451463 753815 887836 104191 796784 115526 42669 507499 408761 854151 463034 613994 734966 861486 44478 878790 858549 21943 391434 161160 591467 523699 947445 747883 85500 206753 178415 300633 85612 438565 644122 708663 430205 194526 186786 213460 685146 335269 376811 398491 249186 583157 336907 270270 389978 888842 995839 678390 916027 872968 236982 218516
57 7 877
935827 115597 924909 34085 749217 888472 621233 808962 613915 738146 100078 304877 481299 736556 494580 646377 176299 327841 68572 218213 118002 946636 726003 310684 939968 658545 247420 765860 616399 775501 285701 341100 10671 303269 427016 659746 67476 275790 593206 804571 173841 93853 481152 856279 248769 828520 404658 473127 21855 765931 970360 752518 119822 299997 748318 716451 852107
68 2 1217
922542 4066 515001 637666 638373 976436 815326 311211 179851 416448 75456 482571 401725 463084 875982 786810 988412 673178 161699 277824 170488 824643 965633 387491 427001 212228 766206 176559 129589 496988 379911 796127 676458 877199 482573 111888 308586 950002 940425 578351 169825 971647 485351 281414 324788 165163 717161 674781 440715 814631 461498 263820 985629 232808 864944 228649 740952 870696 212725 77472 38958 400856 91774 599361 148079 329376 733605 217479
76 3 657
808897 903813 308749 385994 393076 430464 101501 457759 895886 264197 260369 357713 902490 871447 520557 515277 297402 239974 43513 36244 97215 931291 478634 137998 104374 562870 399659 388392 256786 822237 107711 917159 644551 726142 755126 563570 185950 520386 792966 496061 655660 365529 58196 736583 993382 161873 197362 728886 869142 261801 157072 95910 583649 632835 117499 961731 476311 940709 979101 260902 393427 687309 973997 993892 392790 775235 496258 945423 174371 681083 136573 56555 963645 73349 214713 888835
58 2 4600
175113 800301 326277 299689 926293 936025 203921 213955 671471 492036 961079 487364 705203 717861 847320 359571 5830 409314 368506 464653 512415 577184 480951 297438 541828 899138 4696 901523 248735 491843 289079 574209 387787 884979 314385 934819 927191 635216 162204 649942 326375 343409 512397 134149 80266 367878 742538 954498 506166 622479 985240 250455 227630 203632 213129 227188 834652 776133
